0|1|3|7|9|20|18
1|0|4|8|10|21|22
3|4|0|11|13|16|26
7|8|11|0|15|21|30
9|10|13|15|0|17|34
20|21|16|21|17|0|38
18|22|26|30|34|38|0
